1 2 3 5 4 6 4 3 7 5   -> 10

1 2 6 4 3 1 2 3 5 4 6 4 3 7 5 7 5 3 5 4  -> 20

1 2 6 4 3 1 2 3 5 4 10 6 14 1 9 5 13 3 11 7 15 6 4 3 7 5 7 5 3 5 4 -> 30

1 2 6 4 3 1 2 3 5 4 10 6 14 1 9 5 13 3 11 7 15 6 4 3 7 5 7 6 14 1 9 5 13 3 11 7 15 5 3 5 4  -> 40


0 8 4 12 2 10 6 1 2 6 1 2 6 4 3 1 2 3 5 4 10 6 14 1 9 5 13 3 11 7 15 6 4 3 7 5 7 6 14 1 9 5 13 3 11 7 15 5 3 5 4  -> 50


0 8 4 12 2 10 6 1 2 6 1 2 6 4 3 1 2 3 5 4 10 6 14 1 9 5 13 3 11 7 15 6 4 3 7 5 7 6 14 1 9 5 13 3 11 7 15 5 3 1 2 3 5 4 6 4 3 7 5 5 4  -> 60


0 8 4 12 2 10 6 1 2 6 1 2 6 4 3 1 2 3 5 4 1 2 6 4 3 1 2 3 5 4 6 4 3 7 5 7 5 3 5 4 10 6 14 1 9 5 13 3 11 7 15 6 4 3 7 5 7 6 14 1 9 5 13 3 11 7 15 5 3 5 4  -> 70

0 8 4 12 2 10 6 1 2 6 1 2 6 4 3 1 2 1 2 6 4 3 1 2 3 5 4 10 6 14 1 9 5 13 3 11 7 15 6 4 3 7 5 7 5 3 5 4 3 5 4 10 6 14 1 9 5 13 3 11 7 15 6 4 3 7 5 7 6 14 1 9 5 13 3 11 7 15 5 3 5 4 -> 80

0 8 4 12 2 10 6 1 2 6 1 2 6 4 3 1 2 1 2 6 4 3 1 2 3 5 4 10 6 14 1 9 5 13 3 11 7 15 6 4 3 7 5 7 5 3 5 4 3 5 4 10 6 14 1 9 5 13 3 11 7 15 6 4 3 7 5 7 6 14 1 9 5 13 3 1 2 3 5 4 6 4 3 7 5 11 7 15 5 3 5 4 -> 90

0 8 4 12 2 10 6 1 2 6 1 2 6 4 3 1 2 3 5 4 1 2 6 4 3 1 2 3 5 4 6 4 3 7 5 7 5 3 5 4 10 6 14 1 9 5 13 3 11 7 15 6 4 3 7 5 7 6 14 1 9 5 13 3 11 7 15 5 3 5 4 1 2 6 4 3 1 2 3 5 4 10 6 14 1 9 5 13 3 11 7 15 6 4 3 7 5 7 5 3 5 4 -> 100

0 8 4 12 2 10 6 14 1 9 5 13 3 11 7 15    -> 15

0 8 4 12 2 10 6 1 2 6 1 2 3 5 4 4 3 7 5 14 1 9 5 13 3 11 7 15  -> 27

0 8 4 12 1 2 6 1 2 3 5 4 4 3 7 5 2 10 6 1 2 6 1 2 0 8 4 12 2 10 6 14 1 9 5 13 3 11 7 15 3 5 4 4 3 7 5 14 1 9 5 13 3 11 7 15  -> 39 + 15 = 54

0 8 4 12 1 2 6 1 2 3 5 4 4 3 7 5 2 10 6 1 2 6 1 2 0 8 4 12 2 10 6 14 1 9 5 13 3 11 7 15 3 5 4 4 3 7 5 14 1 9 5 13 3 11 7 0 8 4 12 2 10 6 1 2 6 1 2 3 5 4 4 3 7 5 14 1 9 5 13 3 11 7 15 15  -> 54 + 27 = 81

0 8 4 12 1 2 6 1 2 3 5 4 4 3 7 5 2 10 6 1 2 6 1 2 0 8 4 12 2 10 6 14 1 9 5 13 3 11 7 15 3 5 4 4 3 7 5 14 1 9 5 13 3 11 7 0 8 4 12 2 10 6 1 2 6 1 2 3 5 4 4 3 7 5 14 1 9 5 13 3 11 7 15 15 0 8 4 12 1 2 6 1 2 3 5 4 4 3 7 5 2 10 6 1 2 6 1 2 0 8 4 12 2 10 6 14 1 9 5 13 3 11 7 15 3 5 4 4 3 7 5 14 1 9 5 13 3 11 7 0 8 4 12 2 10 6 1 2 6 1 2 3 5 4 4 3 7 5 14 1 9 5 13 3 11 7 15 15 -> 162
